0.199736 0.00693061 0.0607565 0.0105038 -0.000195485 -0.000858113 0.000179429 beans
0.214958 0.00788505 0.00576318 0.00596485 -1.3663e-05 0.000329421 3.21935e-05 beans
0.202546 0.00594008 0.0320845 0.0181757 -0.000425732 0.000483755 0.000106785 beans
0.175885 0.00530861 0.0489324 0.00324652 2.85003e-05 0.000143917 2.93615e-05 beans
0.176245 0.00536988 0.0982699 0.00412251 1.95828e-05 4.79207e-05 -8.0632e-05 beans
0.163945 0.00118433 0.356966 0.00157712 -1.76825e-05 -1.92912e-05 -3.29793e-05 chickpea
0.160686 4.15063e-05 0.101727 7.46132e-05 -1.6547e-09 4.78032e-07 -2.05555e-07 chickpea
0.163513 0.000230508 0.101575 4.25571e-05 4.45575e-08 -1.1128e-08 -7.6443e-08 chickpea
0.160461 3.88515e-05 0.0859142 0.000418912 -1.60885e-06 -2.90077e-07 1.93067e-06 chickpea
0.161984 0.000414356 0.0355834 2.4155e-05 -1.17589e-08 4.77251e-07 -1.90585e-08 chickpea
0.160085 0.000274356 0.00586653 2.0475e-05 -6.83372e-09 -3.25358e-07 -1.91215e-09 lentil
0.160267 0.000255198 0.00143297 7.22696e-06 7.07163e-10 8.58078e-08 2.01994e-10 lentil
0.159436 5.22144e-05 0.00180216 5.25487e-07 -3.16054e-12 4.63827e-10 -1.58593e-11 lentil
0.159383 6.65539e-06 0.007046 1.7688e-06 8.87392e-12 -2.39317e-09 1.97266e-10 lentil
0.159924 0.000128444 0.00715779 4.65983e-06 5.79703e-10 -4.8655e-09 6.23054e-10 lentil
0.197701 0.0129841 0.0361241 0.00286833 6.30559e-06 -3.54515e-05 -2.85082e-05 rice
0.208363 0.0176052 0.0299493 0.00218378 -7.30272e-06 -0.000163499 -1.608e-05 rice
0.213991 0.0206128 0.00164089 0.000158585 1.62541e-08 -1.13646e-06 -7.92477e-08 rice
0.213329 0.0194885 0.0462558 0.00287363 -3.30509e-05 -0.000401142 2.29765e-06 rice
0.201939 0.0149285 0.0337098 0.00194133 -1.31154e-05 -0.000216465 -8.63826e-06 rice
